0 0.157170 0.272685 0.008547 0.008419
0 0.203229 0.218896 0.009497 0.009355
0 0.405508 0.092610 0.009497 0.009355
0 0.550807 0.178672 0.009497 0.009355
0 0.742165 0.114125 0.008547 0.009355
0 0.835233 0.228251 0.010446 0.009355
0 0.104938 0.423761 0.008547 0.007484
0 0.104938 0.566417 0.008547 0.008419
0 0.429725 0.511225 0.008547 0.008419
0 0.525166 0.554256 0.009497 0.008419
0 0.809592 0.567820 0.008547 0.009355
0 0.902184 0.612254 0.009497 0.010290
0 0.789174 0.792797 0.007597 0.008419
0 0.889364 0.763330 0.008547 0.009355
0 0.501425 0.780168 0.009497 0.009355
0 0.405508 0.882133 0.009497 0.009355
0 0.165242 0.797474 0.009497 0.008419
0 0.263058 0.739008 0.009497 0.009355