0 0.200000 0.200000 0.05000 0.05000
0 0.200000 0.275000 0.05000 0.05000
0 0.200000 0.350000 0.05000 0.05000
0 0.200000 0.425000 0.05000 0.05000
0 0.200000 0.500000 0.05000 0.05000
0 0.200000 0.575000 0.05000 0.05000
0 0.200000 0.650000 0.05000 0.05000
0 0.200000 0.730000 0.05000 0.05000
0 0.200000 0.810000 0.05000 0.05000
0 0.275000 0.200000 0.05000 0.05000
0 0.275000 0.275000 0.05000 0.05000
0 0.275000 0.350000 0.05000 0.05000
0 0.275000 0.425000 0.05000 0.05000
0 0.275000 0.500000 0.05000 0.05000
0 0.275000 0.575000 0.05000 0.05000
0 0.275000 0.650000 0.05000 0.05000
0 0.275000 0.730000 0.05000 0.05000
0 0.275000 0.810000 0.05000 0.05000
0 0.350000 0.200000 0.05000 0.05000
0 0.350000 0.275000 0.05000 0.05000
0 0.350000 0.350000 0.05000 0.05000
0 0.350000 0.425000 0.05000 0.05000
0 0.350000 0.500000 0.05000 0.05000
0 0.350000 0.575000 0.05000 0.05000
0 0.350000 0.650000 0.05000 0.05000
0 0.350000 0.730000 0.05000 0.05000
0 0.350000 0.810000 0.05000 0.05000
0 0.425000 0.200000 0.05000 0.05000
0 0.425000 0.275000 0.05000 0.05000
0 0.425000 0.350000 0.05000 0.05000
0 0.425000 0.425000 0.05000 0.05000
0 0.425000 0.500000 0.05000 0.05000
0 0.425000 0.575000 0.05000 0.05000
0 0.425000 0.650000 0.05000 0.05000
0 0.425000 0.730000 0.05000 0.05000
0 0.425000 0.810000 0.05000 0.05000
0 0.500000 0.200000 0.05000 0.05000
0 0.500000 0.275000 0.05000 0.05000
0 0.500000 0.350000 0.05000 0.05000
0 0.500000 0.425000 0.05000 0.05000
0 0.500000 0.500000 0.05000 0.05000
0 0.500000 0.575000 0.05000 0.05000
0 0.500000 0.650000 0.05000 0.05000
0 0.500000 0.730000 0.05000 0.05000
0 0.500000 0.810000 0.05000 0.05000
0 0.575000 0.200000 0.05000 0.05000
0 0.575000 0.275000 0.05000 0.05000
0 0.575000 0.350000 0.05000 0.05000
0 0.575000 0.425000 0.05000 0.05000
0 0.575000 0.500000 0.05000 0.05000
0 0.575000 0.575000 0.05000 0.05000
0 0.575000 0.650000 0.05000 0.05000
0 0.575000 0.730000 0.05000 0.05000
0 0.575000 0.810000 0.05000 0.05000
0 0.650000 0.200000 0.05000 0.05000
0 0.650000 0.275000 0.05000 0.05000
0 0.650000 0.350000 0.05000 0.05000
0 0.650000 0.425000 0.05000 0.05000
0 0.650000 0.500000 0.05000 0.05000
0 0.650000 0.575000 0.05000 0.05000
0 0.650000 0.650000 0.05000 0.05000
0 0.650000 0.730000 0.05000 0.05000
0 0.650000 0.810000 0.05000 0.05000
0 0.650000 0.200000 0.05000 0.05000
0 0.650000 0.275000 0.05000 0.05000
0 0.650000 0.350000 0.05000 0.05000
0 0.650000 0.425000 0.05000 0.05000
0 0.650000 0.500000 0.05000 0.05000
0 0.650000 0.575000 0.05000 0.05000
0 0.650000 0.650000 0.05000 0.05000
0 0.650000 0.730000 0.05000 0.05000
0 0.650000 0.810000 0.05000 0.05000
0 0.730000 0.200000 0.05000 0.05000
0 0.730000 0.275000 0.05000 0.05000
0 0.730000 0.350000 0.05000 0.05000
0 0.730000 0.425000 0.05000 0.05000
0 0.730000 0.500000 0.05000 0.05000
0 0.730000 0.575000 0.05000 0.05000
0 0.730000 0.650000 0.05000 0.05000
0 0.730000 0.730000 0.05000 0.05000
0 0.730000 0.810000 0.05000 0.05000
0 0.810000 0.200000 0.05000 0.05000
0 0.810000 0.275000 0.05000 0.05000
0 0.810000 0.350000 0.05000 0.05000
0 0.810000 0.425000 0.05000 0.05000
0 0.810000 0.500000 0.05000 0.05000
0 0.810000 0.575000 0.05000 0.05000
0 0.810000 0.650000 0.05000 0.05000
0 0.810000 0.730000 0.05000 0.05000
0 0.810000 0.810000 0.05000 0.05000
0 0.810000 0.200000 0.05000 0.05000
0 0.810000 0.275000 0.05000 0.05000
0 0.810000 0.350000 0.05000 0.05000
0 0.810000 0.425000 0.05000 0.05000
0 0.810000 0.500000 0.05000 0.05000
0 0.810000 0.575000 0.05000 0.05000
0 0.810000 0.650000 0.05000 0.05000
0 0.810000 0.730000 0.05000 0.05000
0 0.810000 0.810000 0.05000 0.05000
