0 0.200551 0.163246 0.021628 0.020527
0 0.202025 0.115027 0.022218 0.021301
2 0.250393 0.107475 0.021431 0.021689
1 0.202320 0.259973 0.020842 0.020333
2 0.109615 0.279338 0.023791 0.021495
1 0.110008 0.231894 0.023004 0.022270
1 0.438360 0.413439 0.020645 0.019365
0 0.484271 0.416344 0.020842 0.019752
2 0.524479 0.416828 0.021431 0.020720
1 0.438360 0.460399 0.020645 0.020333
2 0.483779 0.463788 0.020252 0.020139
0 0.569505 0.551317 0.021431 0.020139
2 0.741840 0.264233 0.021628 0.021495
0 0.790307 0.271979 0.020252 0.019946
0 0.837888 0.279241 0.022218 0.021301
2 0.883110 0.278660 0.021038 0.022076
1 0.788832 0.221340 0.020842 0.020527
1 0.883012 0.231507 0.020448 0.019946
2 0.115906 0.754841 0.022218 0.022076
1 0.216477 0.737413 0.024381 0.021689
1 0.216673 0.784276 0.022021 0.020527
0 0.214609 0.833172 0.023398 0.022270
0 0.211856 0.890201 0.020645 0.021689
2 0.259143 0.883617 0.021628 0.020527
2 0.741742 0.888749 0.023398 0.022657
0 0.789815 0.896592 0.021235 0.020914
0 0.785588 0.843048 0.021825 0.020720
1 0.838970 0.849051 0.022021 0.021882
1 0.886650 0.857378 0.021825 0.021882
2 0.843394 0.793958 0.023398 0.021301
