0 0.200000 0.200000 0.10000 0.10000
0 0.200000 0.400000 0.10000 0.10000
0 0.200000 0.610000 0.10000 0.10000
0 0.200000 0.810000 0.10000 0.10000
0 0.400000 0.200000 0.10000 0.10000
0 0.400000 0.400000 0.10000 0.10000
0 0.400000 0.610000 0.10000 0.10000
0 0.400000 0.810000 0.10000 0.10000
0 0.600000 0.200000 0.10000 0.10000
0 0.600000 0.400000 0.10000 0.10000
0 0.600000 0.610000 0.10000 0.10000
0 0.600000 0.810000 0.10000 0.10000
0 0.810000 0.200000 0.10000 0.10000
0 0.810000 0.400000 0.10000 0.10000
0 0.810000 0.610000 0.10000 0.10000
0 0.810000 0.810000 0.10000 0.10000
