0 0.200000 0.200000 0.08000 0.08000
0 0.200000 0.350000 0.08000 0.08000
0 0.200000 0.500000 0.08000 0.08000
0 0.200000 0.650000 0.08000 0.08000
0 0.200000 0.810000 0.08000 0.08000
0 0.350000 0.200000 0.08000 0.08000
0 0.350000 0.350000 0.08000 0.08000
0 0.350000 0.500000 0.08000 0.08000
0 0.350000 0.650000 0.08000 0.08000
0 0.350000 0.810000 0.08000 0.08000
0 0.500000 0.200000 0.08000 0.08000
0 0.500000 0.350000 0.08000 0.08000
0 0.500000 0.500000 0.08000 0.08000
0 0.500000 0.650000 0.08000 0.08000
0 0.500000 0.810000 0.08000 0.08000
0 0.650000 0.200000 0.08000 0.08000
0 0.650000 0.350000 0.08000 0.08000
0 0.650000 0.500000 0.08000 0.08000
0 0.650000 0.650000 0.08000 0.08000
0 0.650000 0.810000 0.08000 0.08000
0 0.810000 0.200000 0.08000 0.08000
0 0.810000 0.350000 0.08000 0.08000
0 0.810000 0.500000 0.08000 0.08000
0 0.810000 0.650000 0.08000 0.08000
0 0.810000 0.810000 0.08000 0.08000
